如上表，记左上为A[0][0]，右下为A[5][100]。

只有1分硬币的时候，就只有一种换法，所以A[0][1]到A[100][1]都是1。

有1分、5分硬币的时候，由于0～4都小于5，所以A[0][2]=A[0][1]，A[1][2]=A[1][1]，A[2][2]=A[2][2]，A[3][2]=A[3][1]，A[4][2]=A[4][1]。

对于A[5][2]，可分两种情况讨论：不用5分硬币，那就是A[5][1]。用一个5分硬币，那就是A[0][2]。

于是A[5][2]=A[5][1]+A[0][2]。同理，A[6][2]=A[6][1]+A[1][2]……

A[n][0]=0

A[n][1]=A[n][0]+A[n-1][1] (n>=1)

A[n][2]=A[n][1]+A[n-5][2] (n>=5)

A[n][3]=A[n][2]+A[n-10][3] (n>=10)   A[10][3] = A[10][2] + A[0][3] A[16][3] = A[16][2] + A[6][3] = A[16][2] + A[6][1] + A[1][2]    

A[n][4]=A[n][3]+A[n-25][4] (n>=25)

A[n][5]=A[n][4]+A[n-50][5] (n>=50)

    0 1 2  3   4   5  
    0 1 5  10  25  50
0   1 1 1  1   1   1   
1   0 1 1  1   1   1
2   0 1 1  1   1   1
3   0 1 1  1   1   1
4   0 1 1  1   1   1
5   0 1 2  2   2   2
6   0 1 2  2   2   2
7   0 1 2  2   2   2
8   0 1 2  2   2   2
9   0 1 2  2   2   2
10  0 1 3  4   4   4
11  0 1 3  4   4   4
12  0 1 3  4   4   4
13  0 1 3  4   4   4
14  0 1 3  4   4   4
15  0 1 4  6   6   6
16  0 1 4  6   6   6
17  0 1 4  6   6   6
18  0 1 4  6   6   6
19  0 1 4  6   6   6
20  0 1 5  9   9   9
    0 1 5  9   9   9
    0 1 5  9   9   9
    0 1 5  9   9   9
    0 1 5  9   9   9
    0 1 6  12  13  13
    0 1 6  12  13  13
    0 1 6  12  13  13
    0 1 6  12  13  13
    0 1 6  12  13  13
    0 1 7  16  18  18
    0 1 7  16  18  18
    0 1 7  16  18  18
    0 1 7  16  18  18
    0 1 7  16  18  18
    0 1 8  20  24  24
    0 1 8  20  24  24
    0 1 8  20  24  24
    0 1 8  20  24  24
    0 1 8  20  24  24
    0 1 9  25  31  31
    0 1 9  25  31  31
    0 1 9  25  31  31
    0 1 9  25  31  31
    0 1 9  25  31  31
    0 1 10 30  39  39
    0 1 10 30  39  39
    0 1 10 30  39  39
    0 1 10 30  39  39
    0 1 10 30  39  39
    0 1 11 36  49  50
    0 1 11 36  49  50
    0 1 11 36  49  50
    0 1 11 36  49  50
    0 1 11 36  49  50
    0 1 12 42  60  62
    0 1 12 42  60  62
    0 1 12 42  60  62
    0 1 12 42  60  62
    0 1 12 42  60  62
    0 1 13 49  73  77
    0 1 13 49  73  77
    0 1 13 49  73  77
    0 1 13 49  73  77
    0 1 13 49  73  77
    0 1 14 56  87  93
    0 1 14 56  87  93
    0 1 14 56  87  93
    0 1 14 56  87  93
    0 1 14 56  87  93
    0 1 15 64  103 112
    0 1 15 64  103 112
    0 1 15 64  103 112
    0 1 15 64  103 112
    0 1 15 64  103 112
    0 1 16 72  121 134
    0 1 16 72  121 134
    0 1 16 72  121 134
    0 1 16 72  121 134
    0 1 16 72  121 134
    0 1 17 81  141 159
    0 1 17 81  141 159
    0 1 17 81  141 159
    0 1 17 81  141 159
    0 1 17 81  141 159
    0 1 18 90  163 187
    0 1 18 90  163 187
    0 1 18 90  163 187
    0 1 18 90  163 187
    0 1 18 90  163 187
    0 1 19 100 187 218
    0 1 19 100 187 218
    0 1 19 100 187 218
    0 1 19 100 187 218
    0 1 19 100 187 218
    0 1 20 110 213 252
    0 1 20 110 213 252
    0 1 20 110 213 252
    0 1 20 110 213 252
    0 1 20 110 213 252
    0 1 21 121 242 292


如上表，记左上为A[0][0]，右下为A[5][100]。

只有1分硬币的时候，就只有一种换法，所以A[0][1]到A[100][1]都是1。

有1分、5分硬币的时候，由于0～4都小于5，所以A[0][2]=A[0][1]，A[1][2]=A[1][1]，A[2][2]=A[2][2]，A[3][2]=A[3][1]，A[4][2]=A[4][1]。

对于A[5][2]，可分两种情况讨论：不用5分硬币，那就是A[5][1]。用一个5分硬币，那就是A[0][2]。

于是A[5][2]=A[5][1]+A[0][2]。同理，A[6][2]=A[6][1]+A[1][2]……

通式就是

A[n][0]=0

A[n][1]=A[n][0]+A[n-1][1] (n>=1)

A[n][2]=A[n][1]+A[n-5][2] (n>=5)

A[n][3]=A[n][2]+A[n-10][3] (n>=10)

A[n][4]=A[n][3]+A[n-25][4] (n>=25)

A[n][5]=A[n][4]+A[n-50][5] (n>=50)

【为何要有A[0]呢，是为了方便将A[1也纳入到通式里面去。而且最小的硬币未必一定是1分】


(define (dummy count)
    (if (> count 0)
        (begin 
            (display "test" )
            (dummy (- count 1))
        )
    )
)






日志模块如何分类

日志应该按基础服务分块
然后就是debug还是error的区别了
